1 1 -.35532738E+03 -.35532549E+03 0.9908
2 1 -.35532566E+03 -.35532376E+03 0.9908
3 1 -.35526225E+03 -.35526036E+03 0.9908
4 1 -.35528930E+03 -.35528741E+03 0.9908
5 1 -.35530308E+03 -.35530119E+03 0.9908
6 1 -.35530376E+03 -.35530187E+03 0.9908
7 1 -.35528442E+03 -.35528257E+03 0.9910
8 1 -.35513080E+03 -.35512894E+03 0.9910
9 1 -.35513613E+03 -.35513424E+03 0.9908
10 1 -.35520062E+03 -.35519873E+03 0.9908
11 1 -.35522205E+03 -.35522017E+03 0.9909
12 1 -.35515361E+03 -.35515173E+03 0.9909
13 1 -.35505506E+03 -.35505320E+03 0.9910
14 1 -.35509954E+03 -.35509767E+03 0.9909
15 1 -.35361071E+03 -.35360942E+03 0.9940
16 1 -.35373865E+03 -.35373634E+03 0.9885
17 1 -.35405532E+03 -.35405337E+03 0.9905
18 1 -.35443532E+03 -.35443328E+03 0.9900
19 1 -.35476494E+03 -.35476412E+03 0.9964
20 1 -.35445283E+03 -.35445224E+03 0.9975
21 1 -.35410381E+03 -.35410187E+03 0.9905
22 1 -.35494103E+03 -.35493904E+03 0.9902
23 1 -.35501573E+03 -.35501376E+03 0.9904
24 1 -.35509813E+03 -.35509618E+03 0.9905
25 1 -.35371037E+03 -.35370860E+03 0.9915
26 1 -.35401121E+03 -.35400899E+03 0.9890
27 1 -.35472726E+03 -.35472607E+03 0.9945
28 1 -.35431610E+03 -.35431383E+03 0.9888
29 1 -.35427602E+03 -.35427559E+03 0.9982
30 1 -.35470807E+03 -.35470724E+03 0.9963
31 1 -.35466006E+03 -.35465491E+03 0.9713
32 1 -.35470008E+03 -.35469824E+03 0.9911
33 1 -.35436930E+03 -.35436712E+03 0.9892
34 1 -.35423191E+03 -.35422981E+03 0.9897
35 1 -.35461255E+03 -.35461082E+03 0.9917
36 1 -.35445292E+03 -.35445091E+03 0.9901
37 1 -.35502636E+03 -.35502541E+03 0.9957
38 1 -.35474233E+03 -.35474083E+03 0.9929
39 1 -.35482916E+03 -.35482747E+03 0.9919
40 1 -.35469810E+03 -.35469596E+03 0.9894
41 1 -.35435521E+03 -.35435345E+03 0.9915
42 1 -.35442924E+03 -.35442788E+03 0.9936
43 1 -.35500690E+03 -.35500528E+03 0.9923
44 1 -.35494461E+03 -.35494262E+03 0.9903
45 1 -.35485408E+03 -.35485146E+03 0.9867
46 1 -.35503090E+03 -.35502883E+03 0.9898
47 1 -.35494042E+03 -.35493899E+03 0.9933
48 1 -.35520946E+03 -.35520763E+03 0.9912
49 1 -.35502455E+03 -.35502260E+03 0.9905
50 1 -.35504174E+03 -.35503971E+03 0.9901
51 1 -.35497472E+03 -.35496527E+03 0.9413
52 1 -.35533505E+03 -.35533307E+03 0.9904
53 1 -.35531454E+03 -.35531240E+03 0.9895
54 1 -.35488951E+03 -.35488708E+03 0.9878
55 1 -.35485618E+03 -.35485411E+03 0.9898
56 1 -.35503042E+03 -.35502842E+03 0.9902
57 1 -.35491793E+03 -.35491638E+03 0.9926
58 1 -.35489496E+03 -.35489300E+03 0.9904
59 1 -.35501058E+03 -.35500888E+03 0.9919
60 1 -.35444051E+03 -.35443984E+03 0.9971
61 1 -.35490451E+03 -.35490261E+03 0.9908
62 1 -.35490016E+03 -.35489810E+03 0.9899
63 1 -.35494490E+03 -.35494301E+03 0.9908
64 1 -.35492492E+03 -.35492244E+03 0.9875
65 1 -.35529075E+03 -.35528888E+03 0.9909
66 1 -.35529685E+03 -.35529495E+03 0.9908
67 1 -.35530987E+03 -.35530801E+03 0.9910
68 1 -.35528147E+03 -.35527959E+03 0.9908
69 1 -.35497421E+03 -.35497230E+03 0.9907
70 1 -.35497714E+03 -.35497525E+03 0.9908
71 1 -.35516851E+03 -.35516667E+03 0.9911
72 1 -.35537895E+03 -.35537718E+03 0.9915
73 1 -.35533877E+03 -.35533687E+03 0.9908
74 1 -.35537617E+03 -.35537428E+03 0.9908
75 1 -.35537735E+03 -.35537545E+03 0.9907
76 1 -.35536187E+03 -.35535997E+03 0.9907
77 1 -.35536581E+03 -.35536390E+03 0.9907
78 1 -.35526033E+03 -.35525855E+03 0.9914
79 1 -.35531896E+03 -.35531709E+03 0.9909
80 1 -.35475643E+03 -.35475476E+03 0.9920
81 1 -.35486228E+03 -.35486037E+03 0.9907
82 1 -.35476683E+03 -.35476504E+03 0.9914
83 1 -.35491088E+03 -.35490904E+03 0.9911
84 1 -.35460809E+03 -.35460613E+03 0.9904
85 1 -.35466602E+03 -.35466392E+03 0.9897
86 1 -.35522231E+03 -.35522046E+03 0.9910
87 1 -.35522912E+03 -.35522727E+03 0.9910
88 1 -.35509608E+03 -.35509426E+03 0.9912
89 1 -.35529648E+03 -.35529469E+03 0.9913
90 1 -.35523448E+03 -.35523270E+03 0.9914
91 1 -.35517241E+03 -.35517053E+03 0.9909
92 1 -.35521579E+03 -.35521382E+03 0.9904
93 1 -.35516214E+03 -.35515995E+03 0.9892
94 1 -.35512536E+03 -.35512365E+03 0.9918
95 1 -.35517772E+03 -.35517558E+03 0.9895
96 1 -.35526770E+03 -.35526591E+03 0.9914
97 1 -.35506306E+03 -.35506115E+03 0.9907
98 1 -.35528138E+03 -.35527952E+03 0.9910
99 1 -.35516539E+03 -.35516346E+03 0.9906
100 1 -.35527067E+03 -.35526866E+03 0.9902
101 1 -.35511041E+03 -.35510847E+03 0.9905
102 1 -.35516904E+03 -.35516704E+03 0.9902
103 1 -.35519216E+03 -.35519029E+03 0.9909
104 1 -.35528801E+03 -.35528567E+03 0.9883
105 1 -.35516824E+03 -.35516643E+03 0.9912
106 1 -.35527135E+03 -.35526920E+03 0.9894
107 1 -.35531291E+03 -.35531105E+03 0.9910
108 1 -.35512443E+03 -.35512253E+03 0.9908
109 1 -.35525701E+03 -.35525350E+03 0.9815
110 1 -.35528086E+03 -.35527896E+03 0.9908
111 1 -.35528063E+03 -.35527862E+03 0.9902
112 1 -.35523026E+03 -.35522843E+03 0.9912
113 1 -.35504672E+03 -.35504480E+03 0.9906
114 1 -.35516433E+03 -.35516248E+03 0.9910
115 1 -.35517642E+03 -.35517467E+03 0.9916
116 1 -.35508274E+03 -.35508088E+03 0.9910
117 1 -.35523995E+03 -.35523801E+03 0.9906
118 1 -.35512646E+03 -.35512472E+03 0.9916
119 1 -.35532463E+03 -.35532271E+03 0.9906
120 1 -.35533532E+03 -.35533342E+03 0.9908
121 1 -.35533966E+03 -.35533778E+03 0.9909
122 1 -.35532222E+03 -.35532019E+03 0.9901
123 1 -.35535200E+03 -.35535014E+03 0.9910
124 1 -.35532165E+03 -.35531981E+03 0.9911
125 1 -.35533165E+03 -.35532982E+03 0.9911
126 1 -.35533468E+03 -.35533266E+03 0.9901
127 1 -.35530865E+03 -.35530662E+03 0.9901
128 1 -.35534266E+03 -.35534050E+03 0.9893
129 1 -.35536381E+03 -.35536192E+03 0.9908
130 1 -.35537466E+03 -.35537284E+03 0.9912
131 1 -.35540084E+03 -.35539930E+03 0.9927
132 1 -.35538324E+03 -.35538163E+03 0.9923
133 1 -.35538256E+03 -.35538075E+03 0.9912
134 1 -.35538353E+03 -.35538160E+03 0.9906
135 1 -.35537958E+03 -.35537771E+03 0.9909
136 1 -.35536830E+03 -.35536642E+03 0.9909
137 1 -.35538944E+03 -.35538751E+03 0.9906
138 1 -.35537959E+03 -.35537768E+03 0.9907
139 1 -.35539663E+03 -.35539472E+03 0.9907
140 1 -.35538905E+03 -.35538717E+03 0.9909
141 1 -.35537617E+03 -.35537429E+03 0.9908
142 1 -.35539305E+03 -.35539118E+03 0.9909
143 1 -.35536222E+03 -.35536044E+03 0.9914
144 1 -.35538419E+03 -.35538230E+03 0.9908
145 1 -.35540305E+03 -.35540118E+03 0.9909
146 1 -.35539663E+03 -.35539466E+03 0.9904
147 1 -.35540504E+03 -.35540317E+03 0.9909
148 1 -.35539604E+03 -.35539437E+03 0.9920
149 1 -.35540554E+03 -.35540351E+03 0.9901
150 1 -.35539435E+03 -.35539226E+03 0.9897
151 1 -.35541195E+03 -.35541004E+03 0.9907
152 1 -.35541203E+03 -.35541016E+03 0.9909
153 1 -.35540834E+03 -.35540645E+03 0.9908
154 1 -.35538615E+03 -.35538421E+03 0.9906
155 1 -.35537779E+03 -.35537585E+03 0.9905
156 1 -.35538303E+03 -.35538112E+03 0.9907
157 1 -.35540815E+03 -.35540624E+03 0.9907
158 1 -.35539446E+03 -.35539257E+03 0.9908
159 1 -.35536097E+03 -.35535906E+03 0.9907
160 1 -.35540293E+03 -.35540103E+03 0.9908
161 1 -.35540389E+03 -.35540200E+03 0.9908
162 1 -.35538709E+03 -.35538518E+03 0.9907
